%lets code
filename_RL05 = ["GSM-2_2002095-2002120_0021_UTCSR_0060_0005","GSM-2_2002123-2002137_0012_UTCSR_0060_0005","GSM-2_2002213-2002243_0030_UTCSR_0060_0005","GSM-2_2002244-2002273_0029_UTCSR_0060_0005","GSM-2_2002274-2002304_0031_UTCSR_0060_0005","GSM-2_2002305-2002334_0029_UTCSR_0060_0005","GSM-2_2002335-2002365_0030_UTCSR_0060_0005","GSM-2_2003001-2003031_0025_UTCSR_0060_0005","GSM-2_2003032-2003059_0026_UTCSR_0060_0005","GSM-2_2003060-2003090_0030_UTCSR_0060_0005","GSM-2_2003091-2003120_0030_UTCSR_0060_0005","GSM-2_2003121-2003141_0021_UTCSR_0060_0005","GSM-2_2003182-2003212_0031_UTCSR_0060_0005","GSM-2_2003213-2003243_0031_UTCSR_0060_0005","GSM-2_2003244-2003273_0029_UTCSR_0060_0005","GSM-2_2003274-2003304_0031_UTCSR_0060_0005","GSM-2_2003305-2003334_0029_UTCSR_0060_0005","GSM-2_2003335-2003365_0031_UTCSR_0060_0005","GSM-2_2004001-2004013_0013_UTCSR_0060_0005","GSM-2_2004035-2004060_0026_UTCSR_0060_0005","GSM-2_2004061-2004091_0031_UTCSR_0060_0005","GSM-2_2004092-2004121_0030_UTCSR_0060_0005","GSM-2_2004122-2004152_0028_UTCSR_0060_0005","GSM-2_2004153-2004182_0030_UTCSR_0060_0005","GSM-2_2004183-2004213_0031_UTCSR_0060_0005","GSM-2_2004214-2004244_0031_UTCSR_0060_0005","GSM-2_2004245-2004274_0030_UTCSR_0060_0005","GSM-2_2004275-2004305_0031_UTCSR_0060_0005","GSM-2_2004306-2004335_0030_UTCSR_0060_0005","GSM-2_2004336-2004366_0027_UTCSR_0060_0005","GSM-2_2005001-2005031_0031_UTCSR_0060_0005","GSM-2_2005032-2005059_0028_UTCSR_0060_0005","GSM-2_2005060-2005090_0028_UTCSR_0060_0005","GSM-2_2005091-2005120_0030_UTCSR_0060_0005","GSM-2_2005121-2005151_0031_UTCSR_0060_0005","GSM-2_2005152-2005181_0030_UTCSR_0060_0005","GSM-2_2005182-2005212_0031_UTCSR_0060_0005","GSM-2_2005213-2005243_0031_UTCSR_0060_0005","GSM-2_2005244-2005273_0030_UTCSR_0060_0005","GSM-2_2005274-2005304_0031_UTCSR_0060_0005","GSM-2_2005305-2005334_0030_UTCSR_0060_0005","GSM-2_2005335-2005365_0024_UTCSR_0060_0005","GSM-2_2006001-2006031_0031_UTCSR_0060_0005","GSM-2_2006032-2006059_0028_UTCSR_0060_0005","GSM-2_2006060-2006090_0030_UTCSR_0060_0005","GSM-2_2006091-2006120_0030_UTCSR_0060_0005","GSM-2_2006121-2006151_0031_UTCSR_0060_0005","GSM-2_2006152-2006181_0030_UTCSR_0060_0005","GSM-2_2006182-2006212_0031_UTCSR_0060_0005","GSM-2_2006213-2006243_0031_UTCSR_0060_0005","GSM-2_2006244-2006273_0030_UTCSR_0060_0005","GSM-2_2006274-2006304_0031_UTCSR_0060_0005","GSM-2_2006305-2006334_0030_UTCSR_0060_0005","GSM-2_2006335-2006365_0028_UTCSR_0060_0005","GSM-2_2007001-2007031_0028_UTCSR_0060_0005","GSM-2_2007032-2007058_0027_UTCSR_0060_0005","GSM-2_2007060-2007090_0031_UTCSR_0060_0005","GSM-2_2007091-2007120_0029_UTCSR_0060_0005","GSM-2_2007121-2007151_0031_UTCSR_0060_0005","GSM-2_2007152-2007181_0029_UTCSR_0060_0005","GSM-2_2007182-2007212_0031_UTCSR_0060_0005","GSM-2_2007213-2007243_0031_UTCSR_0060_0005","GSM-2_2007244-2007273_0030_UTCSR_0060_0005","GSM-2_2007274-2007304_0031_UTCSR_0060_0005","GSM-2_2007305-2007334_0026_UTCSR_0060_0005","GSM-2_2007335-2007365_0031_UTCSR_0060_0005","GSM-2_2008001-2008031_0031_UTCSR_0060_0005","GSM-2_2008032-2008060_0029_UTCSR_0060_0005","GSM-2_2008061-2008091_0031_UTCSR_0060_0005","GSM-2_2008092-2008121_0029_UTCSR_0060_0005","GSM-2_2008122-2008152_0031_UTCSR_0060_0005","GSM-2_2008153-2008182_0030_UTCSR_0060_0005","GSM-2_2008183-2008213_0031_UTCSR_0060_0005","GSM-2_2008214-2008244_0031_UTCSR_0060_0005","GSM-2_2008245-2008274_0030_UTCSR_0060_0005","GSM-2_2008275-2008305_0031_UTCSR_0060_0005","GSM-2_2008306-2008335_0030_UTCSR_0060_0005","GSM-2_2008336-2008366_0031_UTCSR_0060_0005","GSM-2_2009001-2009031_0031_UTCSR_0060_0005","GSM-2_2009032-2009059_0028_UTCSR_0060_0005","GSM-2_2009060-2009090_0031_UTCSR_0060_0005","GSM-2_2009091-2009120_0030_UTCSR_0060_0005","GSM-2_2009121-2009151_0031_UTCSR_0060_0005","GSM-2_2009152-2009181_0030_UTCSR_0060_0005","GSM-2_2009182-2009212_0031_UTCSR_0060_0005","GSM-2_2009213-2009243_0031_UTCSR_0060_0005","GSM-2_2009244-2009273_0030_UTCSR_0060_0005","GSM-2_2009274-2009304_0031_UTCSR_0060_0005","GSM-2_2009305-2009334_0030_UTCSR_0060_0005","GSM-2_2009335-2009365_0031_UTCSR_0060_0005","GSM-2_2010001-2010031_0031_UTCSR_0060_0005","GSM-2_2010032-2010059_0028_UTCSR_0060_0005","GSM-2_2010060-2010090_0030_UTCSR_0060_0005","GSM-2_2010091-2010120_0030_UTCSR_0060_0005","GSM-2_2010121-2010151_0031_UTCSR_0060_0005","GSM-2_2010152-2010181_0030_UTCSR_0060_0005","GSM-2_2010182-2010212_0031_UTCSR_0060_0005","GSM-2_2010213-2010243_0031_UTCSR_0060_0005","GSM-2_2010244-2010273_0030_UTCSR_0060_0005","GSM-2_2010274-2010304_0031_UTCSR_0060_0005","GSM-2_2010305-2010334_0030_UTCSR_0060_0005","GSM-2_2010335-2010361_0027_UTCSR_0060_0005","GSM-2_2011039-2011059_0021_UTCSR_0060_0005","GSM-2_2011060-2011090_0031_UTCSR_0060_0005","GSM-2_2011091-2011120_0030_UTCSR_0060_0005","GSM-2_2011121-2011151_0031_UTCSR_0060_0005","GSM-2_2011186-2011212_0027_UTCSR_0060_0005","GSM-2_2011213-2011243_0031_UTCSR_0060_0005","GSM-2_2011244-2011273_0030_UTCSR_0060_0005","GSM-2_2011274-2011304_0031_UTCSR_0060_0005","GSM-2_2011289-2011319_0031_UTCSR_0060_0005","GSM-2_2011347-2012011_0026_UTCSR_0060_0005","GSM-2_2012001-2012031_0031_UTCSR_0060_0005","GSM-2_2012032-2012060_0029_UTCSR_0060_0005","GSM-2_2012061-2012091_0031_UTCSR_0060_0005","GSM-2_2012080-2012109_0030_UTCSR_0060_0005","GSM-2_2012153-2012182_0030_UTCSR_0060_0005","GSM-2_2012183-2012213_0031_UTCSR_0060_0005","GSM-2_2012214-2012244_0031_UTCSR_0060_0005","GSM-2_2012245-2012269_0025_UTCSR_0060_0005","GSM-2_2012311-2012335_0025_UTCSR_0060_0005","GSM-2_2012336-2012366_0029_UTCSR_0060_0005","GSM-2_2013001-2013031_0031_UTCSR_0060_0005","GSM-2_2013032-2013057_0026_UTCSR_0060_0005","GSM-2_2013101-2013120_0020_UTCSR_0060_0005","GSM-2_2013121-2013151_0031_UTCSR_0060_0005","GSM-2_2013152-2013181_0030_UTCSR_0060_0005","GSM-2_2013182-2013212_0031_UTCSR_0060_0005","GSM-2_2013274-2013304_0031_UTCSR_0060_0005","GSM-2_2013305-2013334_0030_UTCSR_0060_0005","GSM-2_2013335-2013365_0028_UTCSR_0060_0005","GSM-2_2014001-2014016_0016_UTCSR_0060_0005","GSM-2_2014060-2014090_0031_UTCSR_0060_0005","GSM-2_2014091-2014120_0030_UTCSR_0060_0005","GSM-2_2014121-2014151_0031_UTCSR_0060_0005","GSM-2_2014152-2014175_0024_UTCSR_0060_0005","GSM-2_2014213-2014243_0031_UTCSR_0060_0005","GSM-2_2014244-2014273_0030_UTCSR_0060_0005","GSM-2_2014274-2014304_0031_UTCSR_0060_0005","GSM-2_2014305-2014334_0029_UTCSR_0060_0005","GSM-2_2015013-2015031_0019_UTCSR_0060_0005","GSM-2_2015032-2015059_0028_UTCSR_0060_0005","GSM-2_2015060-2015090_0031_UTCSR_0060_0005","GSM-2_2015091-2015120_0030_UTCSR_0060_0005","GSM-2_2015102-2015131_0030_UTCSR_0060_0005","GSM-2_2015180-2015212_0027_UTCSR_0060_0005"];
